# unix_time, cycles_done, cur_path, paths_total, pending_total, pending_favs, map_size, unique_crashes, unique_hangs, max_depth, execs_per_sec
1613863176, 0, 0, 179, 179, 64, 6.45%, 0, 0, 1, 204.31
1613863181, 0, 2, 180, 179, 64, 6.45%, 0, 0, 2, 16.27
1613863248, 0, 2, 205, 204, 64, 6.60%, 0, 0, 2, 45.56
1613863253, 0, 2, 217, 216, 64, 6.62%, 0, 0, 2, 28.34
1613863258, 0, 2, 226, 225, 64, 6.62%, 0, 0, 2, 25.56
1613863263, 0, 2, 237, 236, 64, 6.62%, 0, 0, 2, 23.70
1613863269, 0, 2, 244, 243, 64, 6.62%, 0, 0, 2, 20.87
1613863274, 0, 2, 261, 260, 64, 6.62%, 0, 0, 2, 33.97
1613863279, 0, 2, 270, 269, 64, 6.62%, 0, 0, 2, 26.55
1613863284, 0, 2, 277, 276, 64, 6.62%, 0, 0, 2, 19.36
1613863289, 0, 2, 284, 283, 64, 6.62%, 0, 0, 2, 19.46
1613863294, 0, 2, 290, 289, 64, 6.62%, 0, 0, 2, 19.63
1613863300, 0, 2, 295, 294, 64, 6.62%, 0, 0, 2, 18.70
1613863305, 0, 2, 301, 300, 64, 6.62%, 0, 0, 2, 18.26
1613863310, 0, 2, 307, 306, 64, 6.62%, 0, 0, 2, 18.81
1613863315, 0, 2, 312, 311, 64, 6.62%, 0, 0, 2, 16.86
1613863320, 0, 2, 319, 318, 64, 6.62%, 0, 0, 2, 16.03
1613863325, 0, 2, 325, 324, 64, 6.62%, 0, 0, 2, 15.89
1613863330, 0, 2, 329, 328, 64, 6.62%, 0, 0, 2, 17.14
1613863335, 0, 2, 330, 329, 64, 6.62%, 0, 0, 2, 16.41
1613863341, 0, 2, 333, 332, 64, 6.62%, 0, 0, 2, 16.10
1613863346, 0, 2, 336, 335, 64, 6.62%, 0, 0, 2, 18.21
1613863351, 0, 2, 339, 338, 64, 6.62%, 0, 0, 2, 16.69
1613863356, 0, 2, 340, 339, 64, 6.62%, 0, 0, 2, 16.58
1613863366, 0, 2, 343, 342, 64, 6.62%, 0, 0, 2, 15.85
1613863371, 0, 2, 344, 343, 64, 6.62%, 0, 0, 2, 15.89
1613863376, 0, 2, 345, 344, 64, 6.62%, 0, 0, 2, 16.63
1613863382, 0, 2, 347, 346, 64, 6.62%, 0, 0, 2, 16.36
1613863392, 0, 2, 349, 348, 64, 6.62%, 0, 0, 2, 15.50
1613863397, 0, 2, 352, 351, 64, 6.62%, 0, 0, 2, 15.01
1613863402, 0, 2, 355, 354, 64, 6.62%, 0, 0, 2, 15.06
1613863412, 0, 2, 358, 357, 64, 6.62%, 0, 0, 2, 16.50
1613863417, 0, 2, 361, 360, 64, 6.62%, 0, 0, 2, 16.50
1613863422, 0, 2, 363, 362, 64, 6.62%, 0, 0, 2, 16.35
1613863428, 0, 2, 364, 363, 64, 6.62%, 0, 0, 2, 16.08
1613863448, 0, 2, 366, 365, 64, 6.62%, 0, 0, 2, 15.45
1613863453, 0, 2, 368, 367, 64, 6.62%, 0, 0, 2, 15.98
1613863458, 0, 2, 369, 368, 64, 6.62%, 0, 0, 2, 15.10
1613863463, 0, 2, 372, 371, 64, 6.62%, 0, 0, 2, 14.58
1613863515, 0, 2, 373, 372, 64, 6.62%, 0, 0, 2, 12.73
1613863525, 0, 2, 375, 374, 64, 6.62%, 0, 0, 2, 16.21
1613863530, 0, 2, 376, 375, 64, 6.62%, 0, 0, 2, 17.48
1613863535, 0, 2, 378, 377, 64, 6.62%, 0, 0, 2, 17.40
1613863540, 0, 2, 380, 379, 64, 6.62%, 0, 0, 2, 16.50
1613863550, 0, 2, 381, 380, 64, 6.62%, 0, 0, 2, 15.98
1613863561, 0, 2, 383, 382, 64, 6.62%, 0, 0, 2, 16.39
1613863576, 0, 2, 384, 383, 64, 6.62%, 0, 0, 2, 17.08
1613863581, 0, 2, 386, 385, 64, 6.62%, 0, 0, 2, 17.45
1613863586, 0, 2, 387, 386, 64, 6.62%, 0, 0, 2, 17.31
1613863591, 0, 2, 388, 387, 64, 6.62%, 0, 0, 2, 17.26
1613863596, 0, 2, 389, 388, 64, 6.62%, 0, 0, 2, 17.25
1613863601, 0, 2, 391, 390, 64, 6.62%, 0, 0, 2, 16.47
1613863637, 0, 2, 392, 391, 64, 6.62%, 0, 0, 2, 16.87
1613863643, 0, 2, 394, 393, 64, 6.62%, 0, 0, 2, 15.95
1613863648, 0, 2, 395, 394, 64, 6.62%, 0, 0, 2, 16.48
1613863668, 0, 2, 396, 395, 64, 6.62%, 0, 0, 2, 16.45
1613863673, 0, 2, 398, 397, 64, 6.62%, 0, 0, 2, 15.87
1613863678, 0, 2, 399, 398, 64, 6.62%, 0, 0, 2, 17.09
1613863683, 0, 2, 401, 400, 64, 6.62%, 0, 0, 2, 15.36
1613863699, 0, 2, 402, 401, 64, 6.62%, 0, 0, 2, 15.01
1613863704, 0, 2, 403, 402, 64, 6.62%, 0, 0, 2, 14.66
1613863709, 0, 2, 404, 403, 64, 6.62%, 0, 0, 2, 15.97
1613863729, 0, 2, 405, 404, 64, 6.62%, 0, 0, 2, 14.89
1613863735, 0, 2, 406, 405, 64, 6.62%, 0, 0, 2, 14.14
1613863745, 0, 2, 407, 406, 64, 6.62%, 0, 0, 2, 13.94
1613863765, 0, 2, 409, 408, 64, 6.62%, 0, 0, 2, 15.95
1613863868, 0, 2, 410, 409, 64, 6.62%, 0, 0, 2, 13.81
1613863971, 0, 2, 411, 410, 64, 6.62%, 0, 0, 2, 13.83
1613864207, 0, 2, 412, 411, 64, 6.62%, 0, 0, 2, 13.17
1613864222, 0, 2, 413, 412, 64, 6.62%, 0, 0, 2, 12.65
1613864437, 0, 2, 414, 413, 64, 6.62%, 0, 0, 2, 12.99
1613864453, 0, 2, 415, 414, 64, 6.62%, 0, 0, 2, 12.64
1613864571, 0, 2, 417, 416, 64, 6.63%, 0, 0, 2, 12.78
1613864576, 0, 2, 421, 420, 64, 6.65%, 0, 0, 2, 12.16
1613864586, 0, 2, 425, 424, 64, 6.66%, 0, 0, 2, 41.03
1613864658, 0, 2, 427, 426, 64, 6.66%, 0, 0, 2, 15.34
1613864668, 0, 2, 428, 427, 64, 6.66%, 0, 0, 2, 14.83
1613864683, 0, 2, 429, 428, 64, 6.66%, 0, 0, 2, 14.50
1613864740, 0, 2, 430, 429, 64, 6.66%, 0, 0, 2, 13.24
1613864745, 0, 2, 431, 430, 64, 6.66%, 0, 0, 2, 13.29
1613864786, 0, 2, 432, 431, 64, 6.66%, 0, 0, 2, 13.22
1613865508, 0, 5, 446, 444, 88, 6.74%, 0, 0, 2, 466.43
1613865513, 0, 5, 472, 470, 88, 6.76%, 0, 0, 2, 308.86
1613865518, 0, 5, 474, 472, 88, 6.76%, 0, 0, 2, 314.98
1613865523, 0, 5, 479, 477, 88, 6.76%, 0, 0, 2, 345.92
1613865533, 0, 5, 480, 478, 88, 6.77%, 0, 0, 2, 507.57
1613865543, 0, 5, 481, 479, 88, 6.77%, 0, 0, 2, 376.21
1613865584, 0, 5, 482, 480, 88, 6.77%, 0, 0, 2, 462.03
1613865589, 0, 5, 484, 482, 88, 6.77%, 0, 0, 2, 450.56
1613865620, 0, 5, 485, 483, 88, 6.77%, 0, 0, 2, 277.12
1613865630, 0, 5, 487, 485, 88, 6.77%, 0, 0, 2, 504.27
1613865640, 0, 5, 488, 486, 88, 6.77%, 0, 0, 2, 322.70
1613865651, 0, 5, 491, 489, 88, 6.78%, 0, 0, 2, 559.05
1613865656, 0, 5, 495, 493, 88, 6.78%, 0, 0, 2, 739.44
1613865661, 0, 5, 496, 494, 88, 6.78%, 0, 0, 2, 753.73
1613865671, 0, 5, 497, 495, 88, 6.78%, 0, 0, 2, 825.57
1613865681, 0, 6, 502, 499, 105, 6.79%, 0, 0, 2, 675.90
1613865686, 0, 6, 543, 540, 105, 6.79%, 0, 0, 2, 352.70
1613865691, 0, 6, 544, 541, 105, 6.79%, 0, 0, 2, 338.47
1613865696, 0, 6, 546, 543, 105, 6.79%, 0, 0, 2, 367.78
1613865701, 0, 6, 548, 545, 105, 6.79%, 0, 0, 2, 295.59
1613865712, 0, 6, 549, 546, 105, 6.79%, 0, 0, 2, 414.23
1613865717, 0, 6, 551, 548, 105, 6.79%, 0, 0, 2, 371.79
1613865722, 0, 6, 552, 549, 105, 6.80%, 0, 0, 2, 290.26
1613865727, 0, 6, 554, 551, 105, 6.80%, 0, 0, 2, 249.02
